X[m], Tg[K], Pg[Pa], Rhog[kg/m^3], Rd[m], Yf, Ug[m/s], HRR
0.0000000000 2223.106421 3142993.904762 4.905797 5.000000e-06 0.000000e+00 357.169211 -8.974320e+06
0.0000014100 2223.212934 3143107.247472 4.905739 4.999997e-06 1.174931e-08 357.173483 -7.265611e+08
0.0000028200 2223.319185 3143220.498987 4.905681 4.999994e-06 1.124463e-08 357.177731 -7.779599e+08
0.0000042299 2223.425237 3143333.648351 4.905624 4.999991e-06 1.102716e-08 357.181959 -7.891166e+08
0.0000183297 2224.470328 3144456.881752 4.905070 4.999961e-06 1.103892e-08 357.222714 -9.166623e+08
0.0000324295 2225.499185 3145571.488142 4.904539 4.999931e-06 1.107480e-08 357.261840 -1.009553e+09
0.0000465293 2226.512671 3146678.121031 4.904029 4.999901e-06 1.110887e-08 357.299400 -1.080383e+09
0.0001462914 2233.137289 3154246.045667 4.901220 4.999670e-06 1.140398e-08 357.507561 -1.389920e+09
0.0002460535 2239.227582 3161553.572809 4.899183 4.999421e-06 1.174901e-08 357.659823 -1.544904e+09
0.0003458157 2244.828621 3168608.939667 4.897824 4.999152e-06 1.214347e-08 357.762993 -1.545851e+09
0.0005169020 2253.560131 3180207.651609 4.896608 4.998648e-06 1.290662e-08 357.859034 -1.220690e+09
0.0006879884 2261.199613 3191116.778252 4.896665 4.998080e-06 1.381708e-08 357.863039 -5.910386e+08
0.0008590748 2267.836187 3201279.612581 4.897694 4.997437e-06 1.487916e-08 357.797115 1.683000e+08
0.0010301612 2273.595215 3210685.923510 4.899397 4.996710e-06 1.607091e-08 357.683212 1.298192e+09
0.0012614354 2280.205852 3222231.575542 4.902343 4.995581e-06 1.789678e-08 357.484449 3.215066e+09
0.0014927096 2285.725624 3232504.454852 4.905594 4.994263e-06 1.995667e-08 357.266410 5.378981e+09
0.0017239837 2290.384674 3241616.735572 4.908846 4.992736e-06 2.223349e-08 357.051655 7.400181e+09
0.0019552579 2294.364967 3249695.657813 4.911913 4.990979e-06 2.470611e-08 356.853836 8.866629e+09
0.0021865321 2297.376008 3255938.044144 4.914204 4.988975e-06 2.736764e-08 356.716077 1.048907e+10
0.0024178063 2299.710434 3260708.577622 4.915647 4.986713e-06 3.016247e-08 356.643664 1.284925e+10
0.0026490805 2301.809556 3264754.056933 4.916433 4.984182e-06 3.301956e-08 356.622756 1.529576e+10
0.0029169595 2304.250327 3269051.804468 4.916669 4.980903e-06 3.634036e-08 356.652372 1.673459e+10
0.0031848384 2306.810937 3273090.821013 4.916192 4.977237e-06 3.961646e-08 356.739100 1.972513e+10
0.0034527173 2309.533791 3276824.079124 4.914851 4.973171e-06 4.280302e-08 356.894106 2.444658e+10
0.0037205962 2312.470880 3280198.943144 4.912477 4.968696e-06 4.584706e-08 357.130065 2.700038e+10
0.0039884751 2315.677828 3283205.258073 4.908958 4.963804e-06 4.869422e-08 357.455437 3.169629e+10
0.0044068035 2321.393854 3287165.731470 4.900881 4.955320e-06 5.262014e-08 358.164465 4.123176e+10
0.0048251319 2328.187149 3290210.171303 4.889270 4.945798e-06 5.575087e-08 359.148641 5.241441e+10
0.0052434603 2336.261005 3292326.921142 4.873799 4.935238e-06 5.794499e-08 360.436770 6.030150e+10
0.0056617887 2345.731605 3293518.522590 4.854348 4.923650e-06 5.913073e-08 362.044578 6.908998e+10
0.0060801171 2356.625397 3293789.434576 4.830971 4.911051e-06 5.931447e-08 363.973707 8.079834e+10
0.0065799317 2371.410114 3292933.807840 4.798253 4.894712e-06 5.834054e-08 366.680463 9.621572e+10
0.0070797463 2387.907576 3290938.441176 4.761081 4.877023e-06 5.630568e-08 369.788054 1.010697e+11
0.0075795608 2405.808696 3288013.006590 4.720466 4.858049e-06 5.348730e-08 373.245263 1.038463e+11
0.0080793754 2424.817640 3284177.638469 4.677087 4.837865e-06 5.016387e-08 376.996848 1.177696e+11
0.0085791900 2444.675085 3279522.338892 4.631635 4.816551e-06 4.656872e-08 380.995648 1.224743e+11
0.0092405078 2471.865396 3272582.108873 4.569816 4.786760e-06 4.170478e-08 386.607142 1.156206e+11
0.0099018257 2499.804065 3264298.687427 4.506080 4.755350e-06 3.689242e-08 392.496756 1.486728e+11
0.0105631435 2528.155631 3254994.356573 4.441559 4.722531e-06 3.247253e-08 398.600984 1.409306e+11
0.0112244614 2556.570192 3245366.698573 4.377850 4.688521e-06 2.843396e-08 404.873474 1.302405e+11
0.0118857792 2584.817855 3235374.803869 4.315257 4.653537e-06 2.479893e-08 411.250499 1.382344e+11
0.0122858219 2601.730524 3229146.499280 4.278059 4.631993e-06 2.282133e-08 415.133492 1.366814e+11
0.0126858645 2618.468993 3222684.857630 4.241288 4.610218e-06 2.099030e-08 419.016550 1.437513e+11
0.0130859071 2634.933316 3216419.893972 4.205649 4.588257e-06 1.933505e-08 422.904337 1.195797e+11
0.0134859498 2651.114295 3210159.411672 4.170878 4.566159e-06 1.778696e-08 426.777604 1.326932e+11
0.0138859924 2667.005685 3203715.785385 4.136714 4.543969e-06 1.637581e-08 430.617602 1.360861e+11
0.0149145009 2706.096757 3187325.922976 4.053473 4.486939e-06 1.329400e-08 440.285818 1.247904e+11
0.0159430094 2742.455190 3171133.858378 3.976680 4.430458e-06 1.081022e-08 449.556968 1.204178e+11
0.0169715179 2775.716091 3155553.613505 3.906941 4.375439e-06 8.801893e-09 458.298913 1.106642e+11
0.0180000264 2805.531071 3141045.903620 3.844926 4.323105e-06 7.116502e-09 466.368952 1.002784e+11
0.0187335780 2824.522359 3131532.790544 3.805693 4.288326e-06 5.987842e-09 471.619529 9.212521e+10
0.0192845945 2837.380015 3125015.260093 3.779369 4.264444e-06 5.082275e-09 475.208587 8.322941e+10
0.0196695537 2845.520793 3120908.107239 3.762959 4.249695e-06 4.253118e-09 477.469278 7.511511e+10
0.0199111555 2850.211779 3118541.715568 3.753532 4.240962e-06 4.067758e-09 478.787075 6.915764e+10
0.0200941798 2853.566977 3116797.130344 3.746623 4.233942e-06 4.508279e-09 479.770629 6.838992e+10
0.0202772040 2856.872575 3114996.747775 3.739597 4.226317e-06 4.961526e-09 480.777648 7.246544e+10
0.0204602283 2860.218982 3113096.827232 3.732312 4.218110e-06 5.156319e-09 481.822663 7.726676e+10
0.0206432526 2863.657304 3111101.597406 3.724736 4.209374e-06 5.263110e-09 482.913525 8.008607e+10
0.0209025825 2868.731331 3108157.911719 3.713544 4.196166e-06 5.548661e-09 484.547838 8.020147e+10
0.0211619124 2874.086843 3105078.930651 3.701797 4.182054e-06 5.886526e-09 486.291171 8.303224e+10
0.0214212423 2879.749023 3101782.191340 3.689389 4.167089e-06 5.975543e-09 488.136145 9.294456e+10
0.0216805722 2885.676847 3098371.834584 3.676509 4.151311e-06 6.279981e-09 490.084452 8.688070e+10
0.0219399021 2891.943825 3094404.220300 3.662549 4.134752e-06 5.405493e-09 492.094437 1.397655e+11
0.0226002531 2908.680960 3084081.315986 3.625889 4.089486e-06 6.272062e-09 497.578273 1.101575e+11
0.0232606042 2926.300112 3073174.243192 3.587679 4.040089e-06 6.127547e-09 503.496335 1.129365e+11
0.0239209552 2944.406028 3061649.327995 3.548456 3.987166e-06 5.857389e-09 509.698629 1.195119e+11
0.0245813062 2962.546863 3049700.926718 3.509040 3.931309e-06 5.617802e-09 516.061597 1.206952e+11
0.0256848880 2991.800488 3029594.089388 3.445081 3.833151e-06 5.108621e-09 526.761382 1.165494e+11
0.0267884698 3018.997319 3009834.720355 3.384889 3.730506e-06 4.565262e-09 537.311235 1.127598e+11
0.0278920516 3043.657916 2990709.729731 3.329228 3.625106e-06 4.041252e-09 547.433279 1.034852e+11
0.0289956333 3065.590225 2972455.356616 3.278419 3.518190e-06 3.578477e-09 556.962791 9.639593e+10
0.0304542294 3090.478271 2950165.216443 3.218905 3.375691e-06 3.066230e-09 568.635666 8.412540e+10
0.0319128254 3111.215977 2930020.196605 3.167318 3.232637e-06 2.650171e-09 579.253766 7.490410e+10
0.0333714214 3128.506511 2911817.865194 3.122432 3.089060e-06 2.313335e-09 588.866026 6.718739e+10
0.0348300175 3142.964308 2895324.729927 3.083139 2.944456e-06 2.037824e-09 597.546230 6.194875e+10
0.0362886135 3155.055194 2880402.969200 3.048644 2.798065e-06 1.807892e-09 605.393601 5.249118e+10
0.0371268528 3161.094154 2872487.481556 3.030726 2.712795e-06 1.691502e-09 609.566221 4.859319e+10
0.0379650920 3166.549469 2865029.137893 3.014073 2.626458e-06 1.584200e-09 613.513107 4.500111e+10
0.0388033313 3171.478510 2858003.133417 2.998588 2.538864e-06 1.484558e-09 617.241782 4.167101e+10
0.0396415705 3175.929996 2851388.339795 2.984187 2.449805e-06 1.391230e-09 620.757912 3.879830e+10
0.0404798098 3179.945709 2845169.150191 2.970802 2.359050e-06 1.303252e-09 624.068923 3.624751e+10
0.0414500293 3184.108016 2838439.992578 2.956484 2.251543e-06 1.206734e-09 627.645971 3.393827e+10
0.0424202488 3187.790869 2832202.931185 2.943366 2.140943e-06 1.115031e-09 630.964735 3.053329e+10
0.0433904682 3191.045131 2826442.198033 2.931375 2.026677e-06 1.026901e-09 634.030484 2.836020e+10
0.0443606877 3193.900894 2821151.690604 2.920471 1.908032e-06 9.417438e-10 636.861477 2.491806e+10
0.0453309072 3196.414090 2816312.764906 2.910579 1.784087e-06 8.580552e-10 639.445907 2.387207e+10
0.0462592122 3198.522726 2812101.722149 2.902033 1.659435e-06 7.790982e-10 641.689095 2.111475e+10
0.0471875172 3200.364047 2808299.504842 2.894364 1.527380e-06 7.001152e-10 643.711770 1.882072e+10
0.0481158223 3201.954324 2804908.069941 2.887566 1.385800e-06 6.202339e-10 645.522484 1.643471e+10
0.0490441273 3203.316229 2801931.724957 2.881628 1.231421e-06 5.378693e-10 647.116040 1.412082e+10
0.0499724323 3204.463473 2799384.159620 2.876565 1.058738e-06 4.510488e-10 648.482925 1.114336e+10
0.0507494702 3205.267437 2797599.960034 2.873025 8.925299e-07 3.717070e-10 649.439516 1.000136e+10
0.0515265081 3205.927532 2796167.345949 2.870182 6.916772e-07 2.807030e-10 650.207620 7.432124e+09
0.0517596195 3206.097240 2795812.658251 2.869477 6.208927e-07 2.496463e-10 650.397722 6.926369e+09
0.0519927309 3206.253514 2795497.406014 2.868849 5.414993e-07 2.152514e-10 650.566603 6.089768e+09
0.0522258422 3206.395952 2795225.975828 2.868306 4.492407e-07 1.756530e-10 650.711964 5.146314e+09
0.0524589536 3206.524108 2795005.088999 2.867861 3.343367e-07 1.277549e-10 650.830270 4.037392e+09
0.0525288870 3206.559830 2794949.946138 2.867748 2.926015e-07 1.103194e-10 650.859813 3.673494e+09
0.0525988204 3206.594498 2794900.812597 2.867647 2.443181e-07 9.041700e-11 650.886136 3.253132e+09
0.0526687538 3206.628453 2794858.493483 2.867559 1.851525e-07 6.589855e-11 650.908808 2.771339e+09
0.0526897339 3206.638562 2794847.272912 2.867536 1.641691e-07 5.745222e-11 650.914820 2.609248e+09
0.0527107139 3206.648700 2794836.807554 2.867513 1.405839e-07 4.783529e-11 650.920426 2.439028e+09
0.0527316939 3206.658948 2794827.147102 2.867492 1.131843e-07 3.676922e-11 650.925602 2.255268e+09
0.0527526739 3206.669457 2794818.354358 2.867473 7.950698e-08 2.304474e-11 650.930313 2.054137e+09
0.0527589679 3206.672687 2794815.897633 2.867468 6.760099e-08 1.835414e-11 650.931629 1.988474e+09
0.0527652619 3206.675971 2794813.529748 2.867462 5.450294e-08 1.307192e-11 650.932898 1.921419e+09
0.0527715560 3206.679326 2794811.249550 2.867457 4.067053e-08 7.485460e-12 650.934119 1.849893e+09
0.0527778500 3206.682740 2794809.071898 2.867452 2.790291e-08 2.050120e-12 650.935286 1.769847e+09
0.0527797382 3206.683771 2794808.442281 2.867450 2.575206e-08 5.504765e-13 650.935623 1.743957e+09
0.0527816264 3206.684793 2794807.828357 2.867449 2.490000e-08 0.000000e+00 650.935952 1.710432e+09
0.0527835146 3206.685800 2794807.232968 2.867448 2.475135e-08 0.000000e+00 650.936271 1.672562e+09
0.0527854028 3206.686786 2794806.656746 2.867446 2.486480e-08 8.207688e-14 650.936580 1.634733e+09
0.0527872910 3206.687751 2794806.099203 2.867445 2.496331e-08 1.901388e-14 650.936878 1.599663e+09
0.0527983074 3206.693048 2794803.118866 2.867438 2.497622e-08 0.000000e+00 650.938474 1.427481e+09
0.0528093239 3206.697846 2794800.517723 2.867432 2.497841e-08 4.894953e-13 650.939865 1.302008e+09
0.0528203404 3206.702283 2794798.184456 2.867426 2.492115e-08 1.096489e-14 650.941114 1.215076e+09
0.0528313569 3206.706441 2794796.043398 2.867421 2.490358e-08 0.000000e+00 650.942260 1.143776e+09
0.0528644063 3206.717268 2794790.628498 2.867408 2.490407e-08 0.000000e+00 650.945160 9.914472e+08
0.0528974557 3206.726871 2794785.879261 2.867397 2.490445e-08 3.339319e-17 650.947705 8.678418e+08
0.0529305051 3206.735417 2794781.684355 2.867387 2.490432e-08 3.307891e-16 650.949954 7.735263e+08
0.0532609993 3206.777811 2794761.035480 2.867338 2.490322e-08 3.785918e-16 650.961021 3.235121e+08
0.0535914935 3206.795976 2794752.205461 2.867318 2.490302e-08 0.000000e+00 650.965751 1.286833e+08
0.0539219877 3206.803288 2794748.652400 2.867309 2.490233e-08 4.209462e-16 650.967653 4.995959e+07
0.0566962218 3206.808465 2794746.134563 2.867303 2.490092e-08 0.000000e+00 650.969001 -5.949542e+06
0.0594704559 3206.808079 2794746.306177 2.867304 2.490116e-08 3.321902e-14 650.968906 1.450169e+06
0.0622446901 3206.807944 2794746.369027 2.867304 2.489994e-08 0.000000e+00 650.968872 -1.844840e+05
0.0800802656 3206.807933 2794746.371450 2.867304 2.489536e-08 0.000000e+00 650.968870 9.126803e+05
0.0979158411 3206.807936 2794746.369516 2.867304 2.489751e-08 0.000000e+00 650.968871 4.691432e+04
0.1157514166 3206.807945 2794746.353063 2.867304 2.489839e-08 4.277027e-15 650.968878 -9.077490e+04
0.1357514166 3206.807946 2794746.349736 2.867304 2.489869e-08 0.000000e+00 650.968880 -7.858720e+03
0.1557514166 3206.807947 2794746.348912 2.867304 2.489885e-08 6.910017e-17 650.968880 -4.060638e+03
0.1757514166 3206.807947 2794746.348783 2.867304 2.489895e-08 0.000000e+00 650.968880 -2.482355e+03
0.1957514166 3206.807947 2794746.348641 2.867304 2.489900e-08 2.866413e-17 650.968880 -2.164703e+03
0.2000000000 3206.807947 2794746.348637 2.867304 2.489901e-08 0.000000e+00 650.968880 -1.418630e+01
