X[m], Tg[K], Pg[Pa], Rhog[kg/m^3], Rd[m], Yf, Ug[m/s], HRR
0.0000000000 1678.161158 3201560.765608 6.619945 2.500000e-06 0.000000e+00 316.229304 -3.653001e+03
0.0000285743 1682.205959 3207708.284358 6.616709 2.499999e-06 3.003749e-08 316.384044 -7.517398e+06
0.0000571486 1685.993284 3213693.524664 6.614164 2.499999e-06 4.831798e-08 316.505809 -1.356497e+07
0.0000857229 1689.537824 3219521.968939 6.612258 2.499998e-06 6.076939e-08 316.597032 -1.861614e+07
0.0001923427 1701.075059 3240031.281936 6.609248 2.499994e-06 9.547936e-08 316.741155 -3.732412e+07
0.0002989626 1710.059220 3258478.760345 6.611958 2.499987e-06 1.562104e-07 316.611862 -6.527192e+07
0.0004055824 1716.913917 3274879.061137 6.618705 2.499975e-06 1.991458e-07 316.290027 -1.032030e+08
0.0005122023 1722.055607 3289345.204659 6.628093 2.499957e-06 3.452638e-07 315.843200 -1.685654e+08
0.0006799186 1727.493596 3308630.063879 6.645963 2.499905e-06 5.971728e-07 314.995536 -3.390703e+08
0.0008423188 1730.030056 3322118.923164 6.663271 2.499806e-06 1.056479e-06 314.179612 -6.244291e+08
0.0009373968 1730.709679 3328403.039040 6.673250 2.499715e-06 1.482037e-06 313.711974 -8.709035e+08
0.0010324748 1731.127407 3334198.422570 6.683251 2.499587e-06 2.058325e-06 313.245729 -1.186718e+09
0.0011275528 1731.361806 3339699.403333 6.693362 2.499410e-06 2.814092e-06 312.776949 -1.563683e+09
0.0012226308 1731.436570 3344962.361082 6.703609 2.499170e-06 3.798487e-06 312.304922 -1.982834e+09
0.0014109909 1731.186109 3354759.762729 6.724168 2.498414e-06 6.508233e-06 311.368980 -2.526711e+09
0.0015554291 1730.686098 3361712.155679 6.739979 2.497519e-06 9.424898e-06 310.660953 -1.992131e+09
0.0016669947 1730.178323 3366749.666524 6.751966 2.496578e-06 1.223086e-05 310.132813 -2.661999e+08
0.0017785604 1729.643172 3371479.466372 6.763392 2.495365e-06 1.548336e-05 309.638923 3.360087e+09
0.0018639279 1729.266350 3374873.807938 6.771505 2.494227e-06 1.823812e-05 309.296084 7.834656e+09
0.0019492953 1728.976049 3378051.553914 6.778778 2.492883e-06 2.117253e-05 308.997372 1.400116e+10
0.0020346628 1728.825062 3380991.642535 6.784942 2.491313e-06 2.423527e-05 308.755296 2.192694e+10
0.0021200303 1728.865423 3383672.885860 6.789728 2.489500e-06 2.737001e-05 308.582203 3.155358e+10
0.0022802030 1729.617417 3387940.010208 6.794163 2.485393e-06 3.323973e-05 308.481542 5.356729e+10
0.0024403758 1731.465039 3391126.845967 6.791582 2.480297e-06 3.873614e-05 308.723590 7.918469e+10
0.0026005485 1734.580082 3393170.496209 6.781152 2.474160e-06 4.345256e-05 309.348463 1.070930e+11
0.0027607212 1739.061750 3394041.277957 6.762462 2.466959e-06 4.701627e-05 310.378923 1.365746e+11
0.0029208940 1744.983853 3393720.780329 6.735287 2.458702e-06 4.913130e-05 311.831952 1.673426e+11
0.0031371031 1755.439156 3391345.437604 6.684626 2.445940e-06 4.934688e-05 314.506193 2.122290e+11
0.0033533122 1769.046400 3386599.221615 6.616878 2.431435e-06 4.645949e-05 318.079976 2.629466e+11
0.0035195435 1781.942201 3381192.497579 6.552268 2.419202e-06 4.239785e-05 321.513223 3.070175e+11
0.0036857747 1797.253370 3374113.099062 6.475926 2.406138e-06 3.714898e-05 325.620404 3.559407e+11
0.0038520060 1815.252490 3365229.210748 6.387316 2.392354e-06 3.092716e-05 330.474001 4.083470e+11
0.0040182372 1836.086999 3354463.787729 6.286732 2.377977e-06 2.532244e-05 336.113979 4.624007e+11
0.0041530785 1854.985452 3344391.205848 6.197556 2.365975e-06 2.087048e-05 341.243839 5.017843e+11
0.0042879198 1875.320008 3333332.078776 6.104000 2.353752e-06 1.679850e-05 346.772769 5.305267e+11
0.0043917528 1891.669720 3324329.627384 6.030689 2.344241e-06 1.398702e-05 351.221706 5.458404e+11
0.0044955857 1908.383733 3315046.308571 5.957526 2.334683e-06 1.166086e-05 355.770060 5.577053e+11
0.0045994187 1925.313842 3305580.025170 5.885243 2.325116e-06 9.821365e-06 360.376278 5.635228e+11
0.0047032517 1942.375226 3295995.046308 5.814219 2.315578e-06 8.279443e-06 365.017056 5.660640e+11
0.0048070847 1959.546001 3286309.539604 5.744512 2.306110e-06 6.905479e-06 369.685879 5.704219e+11
0.0049109176 1976.840155 3276497.624491 5.675978 2.296762e-06 5.643471e-06 374.385023 5.820494e+11
0.0050284056 1996.565421 3265246.115652 5.599756 2.286399e-06 4.740916e-06 379.740913 5.833241e+11
0.0051458937 2016.378833 3253903.709335 5.525192 2.276368e-06 3.886986e-06 385.119318 5.799183e+11
0.0052633817 2036.114857 3242568.729000 5.452813 2.266814e-06 3.037685e-06 390.474070 5.772077e+11
0.0053808697 2055.529790 3231399.139441 5.383446 2.257970e-06 2.402934e-06 395.729909 5.608470e+11
0.0054983577 2074.245359 3220721.576813 5.318601 2.250491e-06 1.665405e-06 400.747523 5.178477e+11
0.0055397803 2080.526598 3217160.854239 5.297316 2.248094e-06 1.669769e-06 402.420407 5.073095e+11
0.0055812028 2086.636612 3213660.849018 5.276674 2.245465e-06 1.675540e-06 404.063754 5.112714e+11
0.0056226253 2092.725749 3210108.905507 5.256013 2.242509e-06 2.012220e-06 405.729210 5.229402e+11
0.0056640479 2098.922126 3206422.867966 5.234843 2.239282e-06 1.538211e-06 407.453395 5.364595e+11
0.0057054704 2105.251169 3202584.777977 5.213106 2.235863e-06 4.132802e-08 409.236101 5.973038e+11
0.0057468929 2111.688331 3198645.793682 5.191014 2.232285e-06 1.714462e-06 411.066534 5.592783e+11
0.0057798488 2116.847330 3195464.969158 5.173316 2.229321e-06 1.911951e-06 412.548822 5.653116e+11
0.0057897356 2118.403692 3194500.431785 5.167976 2.228410e-06 1.856635e-06 412.998795 5.716896e+11
0.0057996224 2119.967469 3193528.149352 5.162609 2.227488e-06 1.852241e-06 413.452054 5.741777e+11
0.0058095091 2121.537531 3192549.125732 5.157218 2.226557e-06 1.867995e-06 413.908303 5.764714e+11
0.0058193959 2123.113276 3191563.997106 5.151808 2.225616e-06 1.858148e-06 414.367357 5.793656e+11
0.0058292827 2124.694690 3190572.804637 5.146378 2.224667e-06 1.855945e-06 414.829174 5.822373e+11
0.0058722608 2131.634150 3186193.442201 5.122556 2.220434e-06 1.826626e-06 416.868443 5.943645e+11
0.0059152390 2138.677341 3181699.837979 5.098394 2.216034e-06 1.784920e-06 418.958704 6.061888e+11
0.0059582171 2145.821365 3177093.504458 5.073912 2.211473e-06 1.758972e-06 421.099048 6.175714e+11
0.0060011953 2153.063374 3172375.670204 5.049132 2.206756e-06 1.700604e-06 423.288721 6.289967e+11
0.0061357394 2176.320452 3156921.482010 4.969931 2.191054e-06 1.489193e-06 430.450495 6.635040e+11
0.0062702834 2200.396838 3140432.129128 4.888625 2.174011e-06 1.227236e-06 438.060861 6.963307e+11
0.0064048275 2225.169741 3122939.160683 4.805784 2.155757e-06 8.113779e-07 446.089945 7.320905e+11
0.0065393716 2250.472700 3104583.015853 4.722196 2.136424e-06 1.047706e-06 454.493935 7.420681e+11
0.0067147619 2283.986156 3079489.539509 4.613063 2.109804e-06 8.907591e-07 465.947134 7.617443e+11
0.0068901522 2317.721890 3053309.681482 4.504996 2.081841e-06 6.935902e-07 477.868932 7.710445e+11
0.0070655425 2351.254639 3026280.225930 4.399195 2.052815e-06 6.027422e-07 490.130774 7.774197e+11
0.0072409328 2384.188580 2998640.189465 4.296623 2.022979e-06 5.539960e-07 502.597654 7.744662e+11
0.0074163231 2416.174613 2970694.843166 4.198112 1.992559e-06 4.516896e-07 515.171950 7.551414e+11
0.0076869520 2463.095696 2927509.382329 4.055138 1.944893e-06 2.813858e-07 534.601930 7.432588e+11
0.0079575809 2506.593062 2884555.814617 3.923301 1.896840e-06 1.502094e-07 553.755061 7.206025e+11
0.0082282099 2546.430001 2842225.712904 3.802361 1.848809e-06 1.385566e-07 572.346459 7.058634e+11
0.0084988388 2582.438585 2801254.204826 3.692490 1.801045e-06 1.444739e-07 590.379574 6.202516e+11
0.0087694677 2614.779957 2761840.463142 3.592784 1.753675e-06 1.136184e-07 607.821856 5.648052e+11
0.0088893134 2627.993923 2744872.531316 3.551568 1.732842e-06 1.016778e-07 615.353669 5.446267e+11
0.0090091592 2640.592262 2728165.565734 3.511934 1.712093e-06 8.998586e-08 622.747479 5.459298e+11
0.0091290049 2652.553941 2711745.542207 3.473897 1.691430e-06 8.935579e-08 630.043568 5.001239e+11
0.0092488507 2663.979880 2695565.849699 3.437215 1.670852e-06 7.229082e-08 637.175319 5.115106e+11
0.0093686964 2674.848917 2679656.852138 3.401914 1.650356e-06 6.827742e-08 644.179398 4.904577e+11
0.0096080053 2694.896659 2648697.272898 3.335392 1.609649e-06 7.031802e-08 657.889938 4.384679e+11
0.0098473142 2712.931830 2618814.658071 3.273694 1.569204e-06 6.694002e-08 671.170661 4.050646e+11
0.0100866231 2729.210521 2589925.219527 3.216187 1.528979e-06 5.304557e-08 683.979230 3.843915e+11
0.0103259319 2743.876594 2561945.649597 3.162417 1.488923e-06 3.667765e-08 696.368795 3.617578e+11
0.0108422309 2770.735008 2504433.111844 3.057346 1.402750e-06 3.623440e-08 721.808803 3.080409e+11
0.0113585299 2791.820378 2450653.984324 2.965284 1.316525e-06 3.077320e-08 745.657296 2.647234e+11
0.0118748289 2808.285559 2400401.434647 2.883959 1.229657e-06 2.482350e-08 767.963092 2.298045e+11
0.0123911279 2821.004005 2353345.738142 2.811533 1.141488e-06 2.102178e-08 788.865500 1.990015e+11
0.0131504073 2834.173903 2289316.502173 2.718384 1.007840e-06 1.669413e-08 817.384897 1.598828e+11
0.0139096867 2842.330530 2230498.574246 2.637816 8.662827e-07 1.316660e-08 843.645549 1.283220e+11
0.0146689662 2846.944926 2176583.871725 2.567623 7.109317e-07 9.976410e-09 867.751013 1.031373e+11
0.0154282456 2849.216054 2127881.126440 2.506843 5.287970e-07 6.816563e-09 889.547982 8.047270e+10
0.0156560294 2849.609299 2114388.326822 2.490397 4.657799e-07 5.849023e-09 895.587482 7.364624e+10
0.0158838132 2849.932614 2101551.768308 2.474890 3.954647e-07 4.798922e-09 901.336115 6.743610e+10
0.0161115970 2850.214600 2089385.711561 2.460320 3.133138e-07 3.652741e-09 906.786794 6.155527e+10
0.0161799322 2850.299750 2085879.195598 2.456141 2.852794e-07 3.266320e-09 908.358062 5.967796e+10
0.0162482673 2850.391378 2082451.212225 2.452061 2.547576e-07 2.856688e-09 909.894179 5.785233e+10
0.0163166025 2850.491492 2079104.048604 2.448082 2.209068e-07 2.409947e-09 911.394133 5.602491e+10
0.0163849376 2850.603258 2075841.396535 2.444207 1.822539e-07 1.909639e-09 912.856276 5.417150e+10
0.0164532728 2850.731680 2072667.719934 2.440439 1.357285e-07 1.323043e-09 914.278597 5.231253e+10
0.0164720996 2850.770787 2071809.494823 2.439420 1.208585e-07 1.139144e-09 914.663228 5.180301e+10
0.0164909265 2850.811941 2070958.215101 2.438409 1.045663e-07 9.383335e-10 915.044748 5.130037e+10
0.0165097534 2850.855448 2070113.716510 2.437406 8.648299e-08 7.162651e-10 915.423231 5.080860e+10
0.0165285802 2850.901663 2069275.823440 2.436410 6.629534e-08 4.711042e-10 915.798754 5.032520e+10
0.0165474071 2850.950939 2068444.710158 2.435421 4.537298e-08 2.104641e-10 916.171239 4.983153e+10
0.0165614734 2850.989802 2067829.307351 2.434689 3.232710e-08 3.953481e-11 916.447048 4.939815e+10
0.0165656933 2851.001792 2067645.791643 2.434470 3.097192e-08 0.000000e+00 916.529295 4.924591e+10
0.0165699132 2851.013873 2067463.218148 2.434253 3.078487e-08 0.000000e+00 916.611121 4.902946e+10
0.0165741331 2851.026005 2067281.786490 2.434037 3.090905e-08 0.000000e+00 916.692434 4.880430e+10
0.0165783530 2851.038169 2067101.546879 2.433822 3.104535e-08 0.000000e+00 916.773213 4.857643e+10
0.0166205521 2851.159081 2065381.437020 2.431779 3.125727e-08 1.302801e-12 917.544123 4.655318e+10
0.0166627511 2851.277667 2063734.494533 2.429825 3.126143e-08 5.389604e-13 918.282243 4.482319e+10
0.0167049501 2851.393155 2062148.438819 2.427946 3.126625e-08 0.000000e+00 918.993073 4.332115e+10
0.0168437831 2851.749447 2057217.209428 2.422122 3.132441e-08 0.000000e+00 921.203105 3.924161e+10
0.0169826160 2852.065206 2052666.762227 2.416772 3.138089e-08 0.000000e+00 923.242498 3.623064e+10
0.0171214490 2852.341340 2048400.158027 2.411778 3.145140e-08 2.709525e-13 925.154685 3.376739e+10
0.0172602819 2852.581122 2044359.188459 2.407067 3.150336e-08 0.000000e+00 926.965750 3.162936e+10
0.0174733703 2852.886486 2038513.098736 2.400283 3.159429e-08 0.000000e+00 929.585813 2.875366e+10
0.0176864587 2853.122424 2033048.857602 2.393976 3.168102e-08 0.000000e+00 932.034750 2.630216e+10
0.0178995470 2853.297867 2027917.725556 2.388084 3.176499e-08 1.573250e-14 934.334402 2.412083e+10
0.0181126354 2853.422781 2023090.806849 2.382567 3.184392e-08 0.000000e+00 936.497718 2.216294e+10
0.0188354946 2853.585374 2008552.729295 2.366089 3.208808e-08 0.000000e+00 943.013311 1.684666e+10
0.0195583539 2853.460188 1996613.476413 2.352720 3.228596e-08 0.000000e+00 948.364979 1.333329e+10
0.0202812132 2853.101719 1986458.835227 2.341508 3.243833e-08 0.000000e+00 952.916649 1.071721e+10
0.0210040724 2852.650229 1977819.980520 2.332059 3.254526e-08 0.000000e+00 956.789161 8.674535e+09
0.0222268045 2851.870759 1966135.589762 2.319378 3.263614e-08 0.000000e+00 962.026971 6.044775e+09
0.0234495366 2851.221015 1957337.460759 2.309861 3.266828e-08 1.614018e-14 965.970961 4.405533e+09
0.0246722687 2850.689043 1950600.493442 2.302592 3.269717e-08 0.000000e+00 968.991647 3.349758e+09
0.0258950008 2850.202743 1945245.171398 2.296851 3.275023e-08 0.000000e+00 971.392957 2.507225e+09
0.0271177329 2849.724454 1940813.157767 2.292147 3.282393e-08 0.000000e+00 973.379370 1.887800e+09
0.0293919178 2848.895263 1934322.951119 2.285335 3.291397e-08 0.000000e+00 976.287072 1.298056e+09
0.0316661026 2848.065058 1928924.172467 2.279755 3.325735e-08 7.604199e-14 978.703278 8.989050e+08
0.0317275056 2848.045278 1928792.526179 2.279619 3.326902e-08 0.000000e+00 978.762223 1.017929e+09
0.0317889086 2848.028108 1928670.503674 2.279491 3.327326e-08 2.070639e-15 978.816901 1.013972e+09
0.0318503116 2848.011930 1928552.534709 2.279368 3.327456e-08 0.000000e+00 978.869780 1.002062e+09
0.0319117146 2847.995791 1928435.335675 2.279246 3.327588e-08 3.111181e-14 978.922312 9.922036e+08
0.0319731176 2847.979555 1928318.397165 2.279124 3.327814e-08 0.000000e+00 978.974723 9.833548e+08
0.0322951410 2847.896421 1927721.150603 2.278501 3.328701e-08 0.000000e+00 979.242411 9.364901e+08
0.0326171644 2847.815749 1927147.236059 2.277902 3.329777e-08 0.000000e+00 979.499633 8.928235e+08
0.0329391879 2847.737829 1926596.685975 2.277329 3.330857e-08 5.393483e-15 979.746383 8.519757e+08
0.0332612113 2847.662601 1926068.428883 2.276778 3.331849e-08 0.000000e+00 979.983141 8.135705e+08
0.0362422793 2847.113094 1922350.149576 2.272917 3.338670e-08 0.000000e+00 981.649425 5.709607e+08
0.0392233474 2846.689558 1919576.677500 2.270045 3.342994e-08 0.000000e+00 982.892354 4.099743e+08
0.0422044155 2846.362709 1917490.556143 2.267889 3.346452e-08 0.000000e+00 983.827254 3.011349e+08
0.0480252824 2845.906450 1914616.008603 2.264921 3.354028e-08 0.000000e+00 985.115704 1.673272e+08
0.0497715424 2845.812855 1914041.938323 2.264330 3.355669e-08 2.358972e-16 985.372993 1.368230e+08
0.0515178025 2845.731824 1913546.999986 2.263820 3.356635e-08 2.175553e-14 985.594818 1.159130e+08
0.0532640626 2845.661716 1913121.171983 2.263382 3.357462e-08 2.584367e-14 985.785665 9.859507e+07
0.0550103226 2845.601434 1912756.439003 2.263006 3.358198e-08 3.657414e-15 985.949132 8.398192e+07
0.0590680579 2845.490517 1912087.960264 2.262319 3.359482e-08 0.000000e+00 986.248738 5.784395e+07
0.0631257932 2845.412394 1911620.238710 2.261838 3.360363e-08 8.947546e-15 986.458365 4.000591e+07
0.0671835285 2845.357343 1911292.391302 2.261501 3.360974e-08 0.000000e+00 986.605299 2.808929e+07
0.0712412638 2845.318306 1911060.815548 2.261264 3.361385e-08 0.000000e+00 986.709086 1.990161e+07
0.0772412638 2845.283543 1910854.909924 2.261052 3.361722e-08 3.271358e-15 986.801367 1.281947e+07
0.0832412638 2845.261522 1910724.438522 2.260918 3.361893e-08 0.000000e+00 986.859845 9.445986e+06
0.0892412638 2845.247251 1910640.083515 2.260832 3.362014e-08 2.374107e-15 986.897651 6.086083e+06
0.0952412638 2845.237976 1910585.310205 2.260775 3.362103e-08 8.718308e-16 986.922199 3.448858e+06
0.1012412638 2845.232028 1910550.140342 2.260739 3.362124e-08 0.000000e+00 986.937962 3.641210e+06
0.1072412638 2845.228130 1910527.149446 2.260716 3.362137e-08 9.898972e-17 986.948266 2.325110e+06
0.1272412638 2845.222983 1910496.822729 2.260684 3.362096e-08 5.624741e-17 986.961858 5.971159e+05
0.1472412638 2845.221244 1910486.515849 2.260674 3.362117e-08 3.817342e-18 986.966477 1.186137e+06
0.1672412638 2845.220870 1910484.299289 2.260672 3.362008e-08 0.000000e+00 986.967471 1.517305e+04
0.1872412638 2845.215764 1910457.546790 2.260644 3.361601e-08 2.625809e-14 986.979424 -6.604185e+05
0.2000000000 2845.196598 1910357.276697 2.260541 3.362639e-08 5.038008e-16 987.024324 3.708870e+06
